MasterID,ID,Mag,Magerr,RA,Dec,FWHM,Var,FrameID,MJD,airmass,exposure,X,Y,Flux,Area,Flags,Theta,Elong,MuMax,Blend
1123053026734,5041012305311015204,19.669686,0.249163413694721,161.40768,23.95821,5.48,0,5041012305311,53470.2253267938,1.02,25,427.371,1962.83,470.5,8,0,-28,3.346,1.31,0
1123053026734,5041012305321015396,20.244871,0.338495080882569,161.40822,23.95873,3.36,0,5041012305321,53470.2333396874,1.03,25,435.104,1960.73,277.299988,4,0,74.8,1.615,0.87,0
1123053026734,5041012305331015425,20.490794,0.388714983966886,161.40823,23.9586,3.11,0,5041012305331,53470.2414024766,1.04,25,418.511,1958.19,220.5,3,0,-3.6,1.649,0.65,0
1123053026734,5041012305341015390,20.244992,0.33944608313208,161.40719,23.95858,3.42,0,5041012305341,53470.2494362035,1.05,25,432.315,1955.32,276,4,0,-18.1,1.803,0.93,0
1123053026734,5043012305311012715,19.660325,0.227976238689433,161.40803,23.9583,4.28,0,5043012305311,53490.1970726736,1.05,30,432.966,2036.17,552.299988,7,0,-11.5,1.459,0.88,0
1123053026734,5043012305331012247,20.801762,0.42262394278668,161.40795,23.95856,0.58,0,5043012305331,53490.2133317012,1.08,30,429.986,2031.99,192.399994,2,0,0,1.994,1.17,0
1123053026734,5043012305341012220,20.494719,0.356444676268202,161.40836,23.95819,1.01,0,5043012305341,53490.2214730787,1.1,30,438.156,2028.69,254.399994,3,0,-45.6,1.575,1.15,0
1123053026734,5120612305311015689,19.270314,0.188261882186587,161.40805,23.95882,5.53,0,5120612305311,53710.4816300692,1.07,30,436.749,2036.03,791.200012,6,0,12.5,1.67,0.84,0
1123053026734,5120612305321015306,20.492866,0.354104812840534,161.4077,23.95831,0.6,0,5120612305321,53710.4892193405,1.06,30,440.907,2007.45,257.200012,4,0,45.7,1.086,0.81,0
1123053026734,5120612305331015395,20.276955,0.314499017319598,161.40819,23.95853,2.41,0,5120612305331,53710.4968215739,1.05,30,452.662,2031.34,313.899994,4,0,17.1,1.675,0.94,0
1123053026734,5120612305341015237,19.658287,0.227144092574873,161.40793,23.95841,4.91,0,5120612305341,53710.5044604861,1.04,30,427.189,2028.43,556,8,0,32.6,1.838,0.69,0
1123053026734,5122412305341012978,19.877362,0.295418371286025,161.40818,23.95811,3.26,0,5122412305341,53728.3895648262,1.21,30,420.423,2048.73,349.299988,3,0,-0.5,1.58,0.68,0
1123053026734,5051012305311014080,20.671831,0.398509958295118,161.40802,23.95865,2.04,0,5051012305311,53500.2281878702,1.23,30,469.149,1976.26,211.699997,2,0,42.1,1.608,0.68,0
1123053026734,5051012305321013643,19.654036,0.231259793983852,161.40728,23.95814,2.2,0,5051012305321,53500.2346553239,1.26,30,482.452,1973.24,538.099976,5,0,-3.7,1.088,0.7,0
1123053026734,5051012305341013674,19.847924,0.256873278207201,161.40798,23.95917,4.37,0,5051012305341,53500.2476485646,1.33,30,469.79,1972.28,445.700012,6,0,55.7,1.982,0.66,0
1123053026734,5102912305311013215,19.873405,0.268376273761098,161.40861,23.958,1.59,0,5102912305311,53672.4795453474,1.68,30,386.623,2082.66,412.600006,3,0,-18.8,1.648,1.22,0
1123053026734,5102912305321013483,20.436177,0.363288751915814,161.40817,23.95879,1.8,0,5102912305321,53672.4849914466,1.62,30,389.392,2067.01,246.5,3,0,0,2.833,0.94,0
1123053026734,5102912305341014026,19.898853,0.269571667156071,161.40825,23.95855,3.41,0,5102912305341,53672.4957431364,1.51,30,378.619,2092.39,409.399994,4,0,15.5,1.608,0.73,0
1123053026734,6042512305321014308,19.942233,0.274794623305749,161.4078,23.95808,3.89,0,6042512305321,53850.1501092478,1.01,30,450.554,2012.66,395.899994,6,0,12.6,2.428,0.98,0
1123053026734,6042512305331014693,19.749761,0.248512740717045,161.4079,23.95863,4.01,0,6042512305331,53850.1578245601,1.01,30,462.675,2036.56,472.700012,7,0,8.2,1.985,1.01,0
1123053026734,6042512305341014585,21.08949,0.520870729192152,161.40618,23.95971,2.35,0,6042512305341,53850.1656478588,1.01,30,442.926,2035,137.699997,2,0,0,1.998,0.73,0
1123053026734,6042512305341014594,20.14489,0.306097657862524,161.40844,23.95831,2.8,0,6042512305341,53850.1656478588,1.01,30,439.941,2032.99,328.700012,2,2,-51,1.875,0.91,1
1123053026734,6121512305311017341,20.706184,0.387750583016031,161.40768,23.95837,2.85,0,6121512305311,54084.4999821992,1.02,30,413.486,2230.06,221.399994,2,0,0,2.864,0.83,0
1123053026734,6121512305321015278,20.359715,0.319387913824746,161.40796,23.95822,2.92,0,6121512305321,54084.505928102,1.01,30,413.42,1996.48,305.799988,4,0,-31,2.772,0.66,0
1123053026734,6121512305341015372,20.143789,0.285936518245127,161.40811,23.95837,3.35,0,6121512305341,54084.5179079743,1.01,30,424.675,2016.34,369.5,5,0,15.3,1.584,0.86,0
1123053026734,6122512305331015469,19.716339,0.230741488489457,161.40811,23.95854,3.98,0,6122512305331,54094.4025171297,1.15,30,394.396,2085.55,540.299988,6,0,88.1,1.243,0.89,0
1123053026734,6122512305341016348,20.28401,0.306919708184457,161.40785,23.95857,2.14,0,6122512305341,54094.4112579632,1.12,30,420.189,2081.41,327.200012,3,0,-17.7,1.581,0.88,0
1123053026734,6022712305321015253,20.531639,0.371175679620384,161.4083,23.9588,1.73,0,6022712305321,53793.3053839468,1.01,30,414.928,1997.52,237.899994,3,0,43.2,1.037,0.75,0
1123053026734,6022712305331015855,19.883884,0.261144314492694,161.4078,23.95838,4.18,0,6022712305331,53793.3118736227,1.01,30,424.994,2020.4,432.899994,6,0,-66.1,1.236,1.17,0
1123053026734,6022712305341015832,20.289653,0.324437174799297,161.40805,23.95866,1.75,0,6022712305341,53793.3183733681,1.01,30,404.433,2018.02,297.799988,5,0,-12.5,1.003,1.09,0
1123053026734,6010212305311016003,19.780776,0.245647197499017,161.40806,23.95854,4.44,0,6010212305311,53737.3633222915,1.22,30,410.517,2034.9,482.600006,6,0,36.1,1.285,0.65,0
1123053026734,6010212305321015673,19.727864,0.245932101657236,161.40857,23.9586,4.29,0,6010212305321,53737.371314595,1.18,30,412.322,2016.05,481.600006,7,0,73.3,1.54,0.92,0
1123053026734,6010212305331016259,21.158244,0.526204730142984,161.40779,23.9583,0.27,0,6010212305331,53737.3793885997,1.15,30,425.903,2039,135.5,2,0,0,1.996,0.94,0
1123053026734,6010212305341012964,19.989294,0.333641274597686,161.40858,23.95878,1.82,0,6010212305341,53737.3875024305,1.13,30,403.967,2037.54,284.100006,2,0,45.2,1.102,0.75,0
1123053026734,6010412305311013985,19.991158,0.27044069328804,161.40809,23.95807,3.64,0,6010412305311,53739.4055504743,1.07,30,410.895,2033.55,407.100006,5,0,70.3,2.223,0.97,0
1123053026734,6012212305311014175,19.500548,0.215204890225264,161.40764,23.9586,4.55,0,6012212305311,53757.4651228474,1.05,30,423.207,2009.01,614.099976,8,0,24.5,1.694,0.9,0
1123053026734,6012212305321013805,20.56277,0.377168547487938,161.40829,23.95854,2.54,0,6012212305321,53757.471548391,1.06,30,424.116,1991.34,231.699997,3,0,46.6,1.763,0.78,0
1123053026734,6012212305331013852,20.906552,0.458524004683242,161.40781,23.95846,1.08,0,6012212305331,53757.4780300809,1.07,30,433.889,2015.55,168.699997,2,0,-45,2.631,0.83,0
1123053026734,6012212305341014238,19.497832,0.214978575538085,161.40807,23.95856,4.6,0,6012212305341,53757.4845268172,1.09,30,413.89,2014.04,615.299988,8,0,-47.5,1.692,0.94,0
1123053026734,6012712305311013907,21.144691,0.561006946922278,161.40836,23.95869,0.56,0,6012712305311,53762.4382065162,1.03,30,410.99,1972.97,122.5,2,0,0,1.986,0.76,0
1123053026734,6012712305321013482,20.634491,0.431694093453843,161.40873,23.95816,0.89,0,6012712305321,53762.444714942,1.04,30,410.153,1952.31,185.899994,2,0,49.6,1.6,0.98,0
1123053026734,6012712305341014764,19.892149,0.267858230100741,161.40794,23.95849,4.12,0,6012712305341,53762.4591685534,1.06,30,401.098,1972.85,414,6,0,78.4,1.096,0.84,0
1123053026734,6032412305311015137,19.773513,0.253209859554763,161.40782,23.95865,4.23,0,6032412305311,53818.2889990048,1.04,30,433.33,1994.31,457.200012,5,0,29.1,1.41,0.74,0
1123053026734,6032412305321014353,19.753497,0.251972060846761,161.40749,23.95851,3.38,0,6032412305321,53818.2960795602,1.05,30,432.581,1974.31,461.200012,7,0,81.1,1.531,1.03,0
1123053026734,6032412305331014224,19.921601,0.275835403267085,161.40792,23.95858,1.93,0,6032412305331,53818.3031357061,1.06,30,445.463,1999.47,393.299988,4,0,0.5,1.548,1.07,0
1123053026734,6032412305341014734,20.736768,0.424533177393873,161.40786,23.95868,-0.05,0,6032412305341,53818.3101820024,1.07,30,421.769,1997.3,191,2,0,-44,1.691,0.83,0
1123053026734,6050412305321012507,20.072224,0.304043356691921,161.40792,23.95877,3.18,0,6050412305321,53859.1689709257,1.03,30,421.459,1994.7,332.5,2,0,1.7,1.479,0.75,0
1123053026734,6112312305331015452,19.710505,0.225332961883714,161.40782,23.95856,4.12,0,6112312305331,54062.4661514931,1.25,30,447.117,2081.99,564.200012,5,0,87.4,1.073,0.67,0
1123053026734,6102812305341014806,19.690335,0.224422514149791,161.40811,23.95853,3.82,0,6102812305341,54036.5248475694,1.32,30,429.796,2097.04,568.400024,5,0,89.6,1.826,0.82,0
1123053026734,7041112305311016156,20.067656,0.282809853762849,161.40765,23.9584,3.91,0,7041112305311,54201.208149734,1.01,30,438.881,2001.62,376.600006,4,0,-1.1,1.885,0.87,0
1123053026734,7041112305321015300,20.792064,0.421408968645073,161.40785,23.95836,0.65,0,7041112305321,54201.2179404977,1.01,30,435.756,1979.38,193.300003,2,0,-48.1,1.859,1.05,0
1123053026734,7041112305331015415,19.759463,0.240898886648185,161.40794,23.95829,4.58,0,7041112305331,54201.227714479,1.02,30,425.937,1999.54,499.799988,6,0,-43.6,1.714,0.83,0
1123053026734,7041112305341015686,20.776603,0.419405232875001,161.40796,23.9587,2.52,0,7041112305341,54201.2375298957,1.03,30,448.067,1994.69,194.800003,2,0,-41,1.78,0.77,0
1123053026734,7120612305311015852,20.544181,0.352214918590689,161.40855,23.95851,2.9,0,7120612305311,54440.484915243,1.07,30,453.457,2086.51,259.5,2,0,34,2.27,0.85,0
1123053026734,7120612305321016222,20.803043,0.408034206570438,161.40785,23.95846,2.53,0,7120612305321,54440.4897169792,1.06,30,453.112,2066.7,203.699997,3,0,-42.8,1.711,0.65,0
1123053026734,7120612305331016445,20.095796,0.279697785893819,161.40744,23.95819,3.7,0,7120612305331,54440.4945186111,1.05,30,442.498,2089.46,383.899994,4,0,-2.8,1.6,0.93,0
1123053026734,7120612305341016388,20.466065,0.350514019201562,161.40845,23.95873,3.16,0,7120612305341,54440.4993215161,1.04,30,466.317,2086.23,261.600006,3,0,-17.1,2.578,0.72,0
1123053026734,7121512305311017447,20.968151,0.443934912445932,161.40787,23.95877,1.94,0,7121512305311,54449.471342986,1.05,30,417.104,2052.3,177.699997,2,0,43.4,1.625,0.88,0
1123053026734,7121512305321017826,19.925736,0.25111639667297,161.40831,23.95876,3.73,0,7121512305321,54449.4785771412,1.04,30,415.983,2034.98,464,4,0,88.1,1.622,0.97,0
1123053026734,7121512305331017439,20.318075,0.308918993518021,161.4081,23.95856,2.79,0,7121512305331,54449.4858217128,1.03,30,407.961,2055.78,323.600006,4,0,67.9,1.534,1.08,0
1123053026734,7121512305341016416,19.748487,0.228795021791473,161.40804,23.95855,4.66,0,7121512305341,54449.493042558,1.02,30,429.479,2050.01,548.700012,8,0,-44.3,1.066,0.98,0
1123053026734,7021012305311015611,19.646637,0.232283298952502,161.4081,23.95886,4.45,0,7021012305311,54141.2401769445,1.31,30,470.382,2077.15,533.799988,7,0,47.1,1.261,0.7,0
1123053026734,7021012305321015113,20.126807,0.299282060039606,161.40789,23.95848,3.39,0,7021012305321,54141.2460758449,1.28,30,471.076,2057.76,341.600006,5,0,70.5,1.641,0.81,0
1123053026734,7021012305331016119,19.555534,0.217217650093757,161.40802,23.95879,3.22,0,7021012305331,54141.2519922336,1.25,30,460.697,2082.17,603.599976,7,0,5.6,1.173,1.01,0
1123053026734,7021012305341015753,20.742878,0.412784065582387,161.40765,23.95873,2.54,0,7021012305341,54141.2578966897,1.22,30,485.839,2079.33,199.899994,2,0,-43.9,1.706,0.62,0
1123053026734,7011712305311016188,20.014098,0.26719652982599,161.4078,23.95853,3.92,0,7011712305311,54117.3346861806,1.17,30,436.624,2067.2,415.799988,5,0,42,1.36,0.61,0
1123053026734,7011712305321015596,20.006275,0.265491444946298,161.408,23.95849,3.77,0,7011712305321,54117.3426592592,1.14,30,437.471,2047.53,420.5,4,0,2.2,1.641,0.78,0
1123053026734,7011712305331016316,19.840688,0.243680575912129,161.40801,23.95811,3.81,0,7011712305331,54117.3506346527,1.12,30,426.637,2069.81,489.600006,4,0,-45,2.092,0.7,0
1123053026734,7011712305341015907,20.223341,0.296756567858855,161.40828,23.95841,2.46,0,7011712305341,54117.3586363308,1.1,30,449.649,2065.63,346.600006,4,0,-19.4,1.699,0.87,0
1123053026734,7031212305311016581,20.825578,0.418611068202093,161.40839,23.95816,1.53,0,7031212305311,54171.2931901738,1.01,30,390.744,2041.68,195.399994,3,0,43.7,1.709,0.71,0
1123053026734,7031212305321016034,21.296005,0.54882596510747,161.40756,23.95818,2.35,0,7031212305321,54171.2985665971,1.01,30,391.866,2022.99,126.800003,2,0,0,1.996,0.67,0
1123053026734,7031212305331015697,20.291249,0.311013556739315,161.40818,23.95908,3.41,0,7031212305331,54171.3039684952,1.02,30,379.715,2047.4,319.899994,5,0,-22.1,3.069,0.73,0
1123053026734,7031212305341015648,20.493532,0.347887526883318,161.40786,23.95847,0.6,0,7031212305341,54171.3093182868,1.02,30,402.851,2043.46,264.899994,4,0,-80,1.006,0.89,0
1123053026734,7032612305321013377,20.342732,0.328311033349511,161.4079,23.95838,2.88,0,7032612305321,54185.182661389,1.07,30,422.457,2074.01,291.899994,3,0,0,2.917,0.83,0
1123053026734,7032612305331014160,20.882652,0.444556543114793,161.4083,23.95845,0.28,0,7032612305331,54185.1918878937,1.06,30,408.419,2095.48,177.300003,2,0,90,1.995,0.61,0
1123053026734,7051012305311014086,19.915974,0.263994901261037,161.40806,23.95824,3.68,0,7051012305311,54230.2139584259,1.16,30,427.923,1937.44,424.700012,5,0,-19.7,2.404,0.85,0
1123053026734,7051012305331014285,20.326942,0.330536272920944,161.40759,23.95832,2.17,0,7051012305331,54230.226791007,1.21,30,418.412,1942.7,288.600006,3,0,-1.1,1.475,0.78,0
1123053026734,7051012305341013918,20.300226,0.326521894698329,161.40854,23.95848,2.91,0,7051012305341,54230.2332350812,1.24,30,438.956,1939.93,294.600006,3,0,58.6,2.712,0.9,0
1123053026734,7051612305311013860,20.921226,0.475616826681395,161.4079,23.95862,-0.45,0,7051612305311,54236.1979121412,1.16,30,424.93,1968.97,159.100006,2,0,0,2,0.83,0
1123053026734,7110812305311016795,20.323254,0.324050512758201,161.40844,23.95859,0.91,0,7110812305311,54412.475653484,1.46,30,388.963,2152.57,298.399994,3,0,48.8,1.05,0.8,0
1123053026734,7110812305321016386,20.891446,0.443161195431235,161.40849,23.95837,-0.16,0,7110812305321,54412.4816197571,1.41,30,389.882,2131.03,178.199997,2,0,0,1.999,1.04,0
1123053026734,7110812305331016479,19.87495,0.255484881706172,161.40771,23.95847,2.58,0,7110812305331,54412.4876045487,1.37,30,379.35,2155.57,450,3,0,-6.4,1.589,0.93,0
1123053026734,7110812305341016951,19.737338,0.237387688394928,161.40825,23.95866,4.16,0,7110812305341,54412.4935636344,1.33,30,403.715,2152.19,513.200012,5,0,-58.6,1.474,0.86,0
1123053026734,7111812305311016084,20.544301,0.366806538068299,161.40817,23.95893,0.88,0,7111812305311,54422.4230513657,1.72,30,425.098,2134.26,242.600006,2,0,36.9,1.539,1.36,0
1123053026734,7111812305321016727,19.604987,0.221862250569755,161.40826,23.95853,2.98,0,7111812305321,54422.4307982754,1.63,30,429.223,2115.11,580.5,7,0,47.2,1.254,1.04,0
1123053026734,7111812305331017353,19.758621,0.23920220676877,161.40838,23.95909,4.47,0,7111812305331,54422.4385257405,1.55,30,418.577,2139.01,506.200012,4,0,69.4,3.166,0.84,0
1123053026734,7111812305341017408,19.769834,0.239992960231579,161.40804,23.95851,3.92,0,7111812305341,54422.446257384,1.48,30,445.099,2134.2,503.200012,6,0,59.1,1.39,1.04,0
1123053026734,7101712305311013389,20.733067,0.412023925780939,161.4082,23.95829,2.35,0,7101712305311,54390.4918139582,2.01,30,457.957,2137.03,200.5,2,0,0,2,0.75,0
1123053026734,7101712305321017718,20.356756,0.325735645356119,161.40838,23.95888,0.31,0,7101712305321,54390.498282338,1.9,30,462.841,2120.72,295.799988,2,0,42.7,1.756,0.95,0
1123053026734,7103012305331014169,20.626289,0.38128334239757,161.40822,23.95868,0.37,0,7103012305331,54403.5003762385,1.46,30,382.391,2103.55,227.600006,2,0,90,1.997,0.67,0
1123053026734,7103012305341014041,20.145324,0.292267642275668,161.40823,23.95836,2.53,0,7103012305341,54403.507803692,1.4,30,407.085,2099.72,355.799988,2,0,-43,1.642,0.82,0
1123053026734,8040112305311018313,19.63829,0.224250392516624,161.4079,23.95864,2.62,0,8040112305311,54557.1472287965,1.12,30,413.304,2072.13,569.200012,6,0,45.1,1.236,1.12,0
1123053026734,8040112305321017612,19.778694,0.239728488213399,161.40799,23.9586,4.39,0,8040112305321,54557.1564525114,1.09,30,413.475,2049.88,504.200012,5,0,52.8,1.299,1.08,0
1123053026734,8040112305331018086,20.095647,0.282507015431576,161.40786,23.95854,2.74,0,8040112305331,54557.1656888542,1.07,30,405.448,2070.47,377.299988,3,0,-2.9,1.512,1.08,0
1123053026734,8040112305341018116,20.154416,0.291459668236712,161.40825,23.9585,1.97,0,8040112305341,54557.1749289003,1.05,30,428.671,2062.62,357.5,5,0,-17.9,1.531,1.06,0
1123053026734,8040812305311019199,20.27052,0.311242456952335,161.40839,23.95861,3.35,0,8040812305311,54564.2406741553,1.03,30,455.245,1925.34,319.5,5,0,-18,1.563,0.8,0
1123053026734,8040812305321018543,20.301469,0.316946520967876,161.40787,23.95883,3.42,0,8040812305321,54564.2471985533,1.04,30,456.294,1898.32,309.799988,5,0,-19,1.773,0.82,0
1123053026734,8040812305331018716,20.172846,0.29517248106365,161.40784,23.9584,3.7,0,8040812305331,54564.2536546644,1.05,30,442.966,1919.51,349.799988,4,0,-71.6,2.131,0.78,0
1123053026734,8040812305341018693,19.863178,0.251420983650725,161.40772,23.95821,4.02,0,8040812305341,54564.2601114698,1.06,30,467.024,1914.31,463,5,0,-70.6,1.626,1.22,0
1123053026734,8042612305311014649,19.903543,0.260428978422638,161.40859,23.95887,1.67,0,8042612305311,54582.1957261572,1.03,30,406.908,2033.98,435,4,0,-88.7,1.518,1.23,0
1123053026734,8042612305331014902,20.934739,0.459884877287325,161.4081,23.95888,0.99,0,8042612305331,54582.2086163773,1.05,30,399.872,2035.54,167.899994,2,0,-45,2.639,0.93,0
1123053026734,8042612305341014895,20.294565,0.321066719770108,161.40829,23.95869,0.77,0,8042612305341,54582.2150396179,1.06,30,418.878,2030.48,303.100006,3,0,-52.3,1.02,1.15,0
1123053026734,8020212305311017481,19.976818,0.260158014408025,161.40805,23.95868,4.03,0,8020212305311,54498.3081229632,1.12,30,467.981,2090.19,435.799988,5,0,79.1,2.074,1.02,0
1123053026734,8020212305321016643,19.813136,0.23849730611823,161.40829,23.95877,3.6,0,8020212305321,54498.3143939814,1.1,30,467.413,2068.18,508.899994,6,0,38.7,1.365,1.11,0
1123053026734,8020212305341017083,19.824139,0.239649323365982,161.40842,23.95849,4.32,0,8020212305341,54498.3268558332,1.07,30,482.261,2086.81,504.5,5,0,35.3,1.956,0.99,0
1123053026734,8022712305311013156,20.623331,0.368092867167112,161.40874,23.95859,2.91,0,8022712305311,54523.3879195023,1.09,30,464.489,1956.97,241.199997,3,2,0,2.974,0.81,0
1123053026734,8022712305311013176,20.661731,0.376085532811053,161.40915,23.95997,2.8,0,8022712305311,54523.3879195023,1.09,30,463.964,1958.97,232.800003,2,2,51,1.875,0.68,1
1123053026734,8022712305331012660,19.206594,0.178030644469344,161.40791,23.95908,5.76,0,8022712305331,54523.404475301,1.14,30,456.079,1957.67,882.599976,7,0,1.8,1.145,0.67,0
1123053026734,8022712305341013621,21.043189,0.467749912700317,161.407,23.95896,2.35,0,8022712305341,54523.4127636803,1.16,30,480.491,1951.45,163.399994,2,0,90,1.999,0.74,0
1123053026734,8011112305311017976,20.167393,0.287243124681371,161.40782,23.95862,4.02,0,8011112305311,54476.3954818863,1.05,30,441.089,2090.2,366.600006,6,0,28.8,1.142,0.66,0
1123053026734,8011112305321018138,19.625835,0.217295494820052,161.40817,23.95866,3.99,0,8011112305321,54476.4020436807,1.04,30,443.335,2068.83,603.200012,8,0,-20.4,1.645,1.13,0
1123053026734,8011112305331017958,20.642907,0.371838958535691,161.40825,23.9586,0.8,0,8011112305331,54476.4104012731,1.03,30,431.977,2089.51,237.199997,4,0,46.7,1.034,0.62,0
1123053026734,8011112305341018142,20.559077,0.355102293811402,161.40794,23.95846,0.45,0,8011112305341,54476.4169250927,1.03,30,454.961,2083.55,256,4,0,-41.6,1.02,0.87,0
1123053026734,8062412305311012551,20.232476,0.328444667457359,161.40822,23.95888,2.35,0,8062412305311,54641.1562856366,1.58,30,483.491,1901.46,291.700012,2,0,90,2,0.85,0
1123053026734,8062412305321012093,19.407606,0.214155130040047,161.40832,23.95861,3.85,0,8062412305321,54641.1627564468,1.65,30,481.327,1882.11,619.700012,5,0,-46.3,1.326,0.63,0
1123053026734,8030312305311015430,19.897851,0.252064268366581,161.40764,23.95878,4.2,0,8030312305311,54528.2434791206,1.07,30,472.669,1990.65,460.899994,5,0,29.4,1.389,0.7,0
1123053026734,8030312305321015843,20.04491,0.272087979125963,161.40821,23.95843,2.63,0,8030312305321,54528.249973889,1.06,30,473.004,1965.9,402.799988,6,0,85.6,1.547,0.96,0
1123053026734,8030312305331016247,19.766929,0.235489620634834,161.4083,23.95862,3.17,0,8030312305331,54528.256442037,1.05,30,463.268,1988.39,520.700012,4,0,-16.7,1.451,1.05,0
1123053026734,8031112305311022404,21.326973,0.469186738685049,161.40784,23.9584,2.35,0,8031112305311,54536.1811422453,1.2,40,409.922,2178.05,162.600006,2,0,0,2,0.62,0
1123053026734,8031112305331023034,19.62406,0.189554023805041,161.408,23.95845,4.28,0,8031112305331,54536.1960208796,1.14,40,400.261,2179.59,780.799988,7,0,-49.3,1.483,0.83,0
1123053026734,8031112305341023134,20.088426,0.23808257163587,161.4082,23.95814,4.12,0,8031112305341,54536.2034269095,1.12,40,423.544,2173.36,510.5,4,0,41.2,1.104,1.19,0
1123053026734,8050712305321013374,19.648829,0.233393821024418,161.40828,23.95856,4.09,0,8050712305321,54593.2186194211,1.15,30,441.055,1950.42,529.200012,4,0,-17.5,1.31,0.83,0
1123053026734,8050712305341013287,19.900024,0.26498979050017,161.4082,23.95867,3.72,0,8050712305341,54593.2314756136,1.2,30,453.44,1969.53,421.899994,5,0,-3.6,1.622,0.82,0
1123053026734,8113012305311018844,19.914561,0.250420061678017,161.40792,23.95859,5.01,0,8113012305311,54800.4337584721,1.32,30,473.92,2122.59,466.299988,4,0,44.9,1.525,0.63,0
1123053026734,8113012305321020055,20.483443,0.337913583944479,161.40834,23.95878,2.89,0,8113012305321,54800.4464866435,1.25,30,476.081,2097.5,278.100006,3,0,-78,1.019,0.85,0
1123053026734,8113012305331020042,19.880124,0.244545582354431,161.40815,23.95861,2.71,0,8113012305331,54800.4593008217,1.19,30,467.51,2114.69,486.5,4,0,-17.8,1.089,0.66,0
1123053026734,8113012305341020243,20.328556,0.309537439910419,161.40827,23.95868,2.03,0,8113012305341,54800.4721427779,1.14,30,491.702,2104.56,322.5,4,0,-20.6,1.612,0.91,0
1123053026734,8102912305321014118,20.398451,0.418215526731753,161.40868,23.95791,2.54,0,8102912305321,54768.5044963543,1.43,20,428.793,2094.33,195.699997,3,0,-43.3,1.731,0.6,0
1123053026734,8102912305341014565,20.822968,0.532701322810522,161.40834,23.95842,0.34,0,8102912305341,54768.513424352,1.37,20,443.455,2116.56,132.899994,2,0,90,1.995,0.71,0
1123053026734,9040312305311020797,19.633155,0.221862250569755,161.40769,23.95837,2.31,0,9040312305311,54924.1871716781,1.03,30,466.702,2104.09,580.5,3,0,-86.1,1.094,1.48,0
1123053026734,9040312305321020412,19.968054,0.262662384109455,161.40761,23.95905,3.67,0,9040312305321,54924.1926644445,1.02,30,466.437,2078.94,428.5,5,0,58.5,2.597,0.8,0
1123053026734,9040312305341020787,20.262212,0.307195148500875,161.40828,23.95847,2.9,0,9040312305341,54924.2035535416,1.02,30,474.01,2094.58,326.700012,2,0,-36.2,1.025,0.74,0
1123053026734,9041912305311021406,19.877428,0.249401299614219,161.40767,23.9585,3.54,0,9041912305311,54940.2058687382,1.02,30,430.069,1979.89,469.700012,5,0,-18.9,1.34,1.16,0
1123053026734,9041912305321021087,19.52642,0.209035185447207,161.40798,23.9585,4.57,0,9041912305321,54940.2131584724,1.03,30,429.874,1957.09,648.299988,9,0,-49.3,1.489,1.08,0
1123053026734,9041912305331021227,19.985595,0.264278021164628,161.40757,23.95838,3.45,0,9041912305331,54940.2203403357,1.04,30,419.894,1978.1,423.899994,5,0,33.6,1.342,1.22,0
1123053026734,9041912305341020582,19.859267,0.247604573307871,161.40776,23.95826,4.88,0,9041912305341,54940.2276675464,1.05,30,441.677,1971.83,475.799988,6,0,-2.7,1.337,0.9,0
1123053026734,9121812305311020334,19.749008,0.231972396698566,161.40801,23.95816,2.84,0,9121812305311,55183.4510019561,1.07,30,409.242,2042.14,535.099976,6,0,45.6,1.207,1.15,0
1123053026734,9121812305321020083,20.235074,0.299384391083312,161.40813,23.95833,2.45,0,9121812305321,55183.4556413079,1.06,30,408.727,2013.63,341.399994,3,0,-16.4,1.571,0.96,0
1123053026734,9121812305331020044,20.260961,0.302925093205076,161.40833,23.95839,3.2,0,9121812305331,55183.460278125,1.05,30,393.611,2050.6,334.600006,4,0,-18,1.513,0.89,0
1123053026734,9121812305341020314,19.351027,0.190516906657868,161.40784,23.95836,5.38,0,9121812305341,55183.4649453703,1.05,30,426.742,2045.62,773.200012,9,0,39.5,2.107,0.7,0
1123053026734,9020412305311019622,19.686182,0.223693819256566,161.40817,23.95825,4.32,0,9020412305311,54866.2995088659,1.12,30,469.027,2088.39,571.799988,5,0,-8.9,2.812,1.12,0
1123053026734,9020412305321019464,19.954999,0.255837905915413,161.40811,23.95851,3.87,0,9020412305321,54866.3072547452,1.1,30,470.374,2065.64,448.899994,6,0,-14.8,2.48,0.6,0
1123053026734,9020412305331019701,19.700317,0.225202199914561,161.40801,23.95878,3.73,0,9020412305331,54866.3151014238,1.08,30,461.507,2086.79,564.799988,4,0,46,1.352,1.18,0
1123053026734,9020412305341019898,19.180702,0.174709110729766,161.40795,23.95781,5.74,1,9020412305341,54866.3228962617,1.06,30,483.381,2078.83,916.200012,6,2,88.8,2.391,0.76,0
1123053026734,9022012305311022433,20.567329,0.355771698811594,161.408,23.95846,3.38,0,9022012305311,54882.3354773033,1.01,30,375.149,2100.59,255.199997,4,0,18.9,1.559,0.67,0
1123053026734,9022012305321023102,20.335835,0.314439996984143,161.4082,23.95857,1.86,0,9022012305321,54882.3417989235,1.01,30,371.273,2078.72,314,4,0,-12.3,2.392,1.08,0
1123053026734,9022012305331023495,20.300623,0.310102776966415,161.40753,23.95831,3.35,0,9022012305331,54882.3482790971,1.01,30,364.226,2099.21,321.5,2,0,-32.4,1.857,1.25,0
1123053026734,9010212305311021920,19.50324,0.203520947361003,161.40807,23.95875,4.68,0,9010212305311,54833.3956227661,1.1,30,411.54,2121.4,681.700012,9,0,63.5,1.856,0.98,0
1123053026734,9010212305321021867,20.232186,0.295615511199877,161.40821,23.95851,2.12,0,9010212305321,54833.4034185303,1.08,30,414.076,2098.13,348.899994,4,0,26.2,1.198,0.87,0
1123053026734,9010212305331021660,19.414939,0.194480281949805,161.40769,23.95848,5.69,0,9010212305331,54833.4113703123,1.07,30,404.155,2118.27,743.200012,10,0,-43.3,1.23,1.22,0
1123053026734,9010212305341021933,19.972739,0.257592456107165,161.40812,23.95852,4.5,0,9010212305341,54833.419311794,1.05,30,426.948,2110.95,443.5,7,0,64.8,1.898,0.83,0
1123053026734,9012012305311020776,20.352862,0.266867489436928,161.40792,23.95854,3.34,0,9012012305311,54851.4615749999,1.04,40,464.639,1933.86,416.700012,4,0,-47.1,1.301,0.92,0
1123053026734,9012012305321020924,19.461114,0.171958905127778,161.40839,23.95851,3.16,0,9012012305321,54851.4688938887,1.05,40,464.08,1911.36,945.700012,8,0,32.4,1.171,1.3,0
1123053026734,9012012305331020498,20.148935,0.240338115721908,161.40802,23.9585,3.64,0,9012012305331,54851.4762248032,1.06,40,452.525,1932.45,501.899994,6,0,-1.6,1.529,0.81,0
1123053026734,9012012305341020677,19.601639,0.183878009609759,161.408,23.95847,1.93,0,9012012305341,54851.4834904516,1.07,40,476.486,1925.94,828.299988,5,0,-16.6,1.048,1.5,0
1123053026734,9012812305311021218,20.342488,0.30919966079943,161.40804,23.95852,3.37,0,9012812305311,54859.3662858564,1.03,30,417.005,2137.32,323.100006,5,0,-71,1.538,0.73,0
1123053026734,9012812305321020400,20.025188,0.262523287483372,161.40821,23.95861,1.67,0,9012812305321,54859.3713439815,1.02,30,415.411,2116.3,428.899994,4,0,5.2,1.117,1.33,0
1123053026734,9012812305331020740,19.465387,0.196977090946823,161.40822,23.95829,4.29,0,9012812305331,54859.3762338078,1.02,30,405.045,2139.01,725.299988,10,0,-4.1,1.339,1.03,0
1123053026734,9012812305341021332,20.037826,0.264171740979896,161.40829,23.95849,3.95,0,9012812305341,54859.3810385647,1.02,30,428.47,2134.3,424.200012,6,0,-5.4,1.054,1.03,0
1123053026734,9062212305321016359,19.80352,0.250089085975127,161.40784,23.95876,1.23,0,9062212305321,55004.1689164466,1.65,30,479.015,1854.43,467.399994,3,0,45.4,1.126,0.7,0
1123053026734,9062212305331016526,20.216493,0.312684206159303,161.40792,23.95821,2.91,0,9062212305331,55004.1750088772,1.73,30,463.933,1878.47,317,3,0,45.7,1.05,0.82,0
1123053026734,9031712305311022982,19.828015,0.240551268410282,161.40805,23.95857,2.8,0,9031712305311,54907.2925537154,1.02,30,464.344,2001.28,501.100006,5,0,73.1,1.359,1.29,0
1123053026734,9031712305321026356,20.240197,0.293274804817379,161.40796,23.95848,2.54,0,9031712305321,54907.2984008798,1.03,30,461.886,1979.64,353.700012,4,0,44.1,1.596,1.32,0
1123053026734,9031712305331022985,19.742446,0.230600746181644,161.40823,23.9586,4.03,0,9031712305331,54907.3042519791,1.03,30,450.697,2001.67,540.900024,6,0,85.1,1.139,0.85,0
1123053026734,9031712305341022834,19.978662,0.260802946131394,161.40826,23.95818,3.19,0,9031712305341,54907.3099121065,1.04,30,472.607,1996.34,433.899994,5,0,34.7,1.059,1.04,0
1123053026734,9032812305311024320,19.943582,0.261041757355218,161.40819,23.95853,3.1,0,9032812305311,54918.1656046179,1.1,30,432.297,2152.56,433.200012,6,0,51.5,1.244,0.84,0
1123053026734,9032812305321024305,19.766016,0.237927613722764,161.40782,23.9586,3.53,0,9032812305321,54918.1711024768,1.09,30,435.336,2132.03,511.100006,4,0,-45,1.7,1.05,0
1123053026734,9032812305331024492,20.596602,0.370703932190235,161.40818,23.95884,2.35,0,9032812305331,54918.1764773959,1.07,30,425.216,2153.99,238.399994,3,0,-87.6,1.598,1,0
1123053026734,9032812305341024224,19.948427,0.260191831098509,161.40811,23.95852,4.42,0,9032812305341,54918.1819656482,1.06,30,449.376,2148.7,435.700012,7,0,-0.6,2.482,0.88,0
1123053026734,9052412305321020350,20.053014,0.284470711641168,161.40828,23.95833,3.68,0,9052412305321,54975.1725312732,1.15,30,462.995,1864.02,372.799988,4,0,86.8,1.567,0.77,0
1123053026734,9052412305331020225,19.760001,0.244209631087122,161.40804,23.95839,4.27,0,9052412305331,54975.1791405091,1.18,30,448.835,1886.55,487.700012,5,0,68,1.356,1,0
1123053026734,9111912305311019234,20.050642,0.286790593060049,161.4085,23.9585,3.47,0,9111912305311,55154.4528506133,1.4,30,340.735,2057.77,367.600006,2,0,-73.9,1.659,0.73,0
1123053026734,9111912305331019281,19.912958,0.264918351654195,161.40804,23.95827,1.88,0,9111912305331,55154.4674645602,1.3,30,335.137,2057.77,422.100006,5,0,42.4,1.347,1.08,0
1123053026734,9111912305341019692,19.269192,0.19128850497505,161.40796,23.95838,4.44,0,9111912305341,55154.4748392478,1.26,30,360.565,2051.83,767.200012,7,0,49.3,1.155,0.83,0
1123053026734,9101412305311017894,20.393292,0.348915534484442,161.40761,23.95835,2.9,0,9101412305311,55118.5022887038,1.95,30,346.346,2203.03,263.600006,2,0,90,2.967,0.87,0
1123053026734,10040412305311022718,20.328889,0.326193626204562,161.4081,23.95834,3.35,0,10040412305311,55290.1521149767,1.09,30,463.113,2061.25,295.100006,4,0,-74.5,1.538,0.81,0
1123053026734,10040412305321022571,20.613908,0.381181495048105,161.40817,23.95865,1.64,0,10040412305321,55290.1588856946,1.07,30,466.508,2031.2,227.699997,4,0,-1.2,1.657,1.03,0
1123053026734,10040412305331022884,19.892753,0.257822559895908,161.40768,23.95853,2.11,0,10040412305331,55290.165654433,1.06,30,450.603,2065.22,442.799988,3,0,44.1,1.32,0.74,0
1123053026734,10040412305341023388,19.619926,0.224014396417339,161.40818,23.95846,4.48,0,10040412305341,55290.1724927547,1.05,30,483.015,2058.15,570.299988,8,0,-42,1.805,1.01,0
1123053026734,10041612305321015684,19.877987,0.362048911511504,161.40756,23.95832,1.59,0,10041612305321,55302.222654317,1.03,30,385.066,1936.23,247.899994,3,0,41.3,1.574,0.71,0
1123053026734,10121112305311021761,20.248261,0.266176816034181,161.4081,23.95865,3.03,0,10121112305311,55541.4701304863,1.07,40,411.023,2121.77,418.600006,5,0,-45,1.69,1.03,0
1123053026734,10121112305331020228,19.930476,0.229831425097687,161.40841,23.95851,1.63,0,10121112305331,55541.4853154052,1.04,40,391.89,2122.99,544.200012,4,0,-0.5,1.188,1.28,0
1123053026734,10021312305311018521,20.276811,0.329722127019413,161.40823,23.95832,2.18,0,10021312305311,55240.4093777081,1.06,30,449.378,1910.95,289.799988,3,0,-74.9,1.001,1.05,0
1123053026734,10021312305321018146,19.917863,0.27174072618468,161.40803,23.95851,4.44,0,10021312305321,55240.4169364353,1.07,30,446.824,1879.93,403.700012,7,0,37.6,1.601,0.82,0
1123053026734,10021312305331018755,19.694005,0.241328825346069,161.40806,23.95836,4.51,0,10021312305331,55240.424446065,1.09,30,428.013,1913.94,498.200012,7,0,69.9,1.752,1.03,0
1123053026734,10021312305341018509,19.764777,0.250329659269449,161.4078,23.95855,3.11,0,10021312305341,55240.432026736,1.11,30,465.671,1907.17,466.600006,6,0,-44.7,1.166,1.07,0
1123053026734,10021912305311022028,19.943975,0.261110115374574,161.4077,23.95867,3.48,0,10021912305311,55246.3197526275,1.02,30,457.683,2028.28,433,4,0,-6.8,1.508,0.96,0
1123053026734,10021912305321021752,19.795586,0.24186956503505,161.40799,23.95864,3.82,0,10021912305321,55246.3268503356,1.01,30,461.832,1997.16,496.200012,8,0,6.7,1.122,0.91,0
1123053026734,10021912305341021970,20.206461,0.301661587212293,161.40794,23.95829,2.07,0,10021912305341,55246.3411396877,1.01,30,477.281,2021.82,337,4,0,46.9,1.308,1.17,0
1123053026734,10060312305311017421,20.158301,0.301871106433189,161.40766,23.95843,2.95,0,10060312305311,55350.1713074539,1.26,30,475.716,1895.93,336.600006,3,0,-32.5,1.643,0.74,0
1123053026734,10060312305321017389,19.777088,0.246995043923412,161.40836,23.95854,4.31,0,10060312305321,55350.1775936689,1.29,30,476.84,1867.86,477.899994,6,0,58.2,1.558,0.77,0
1123053026734,10060312305341016798,19.563841,0.231781695698597,161.40793,23.9586,3.47,0,10060312305341,55350.1902371529,1.37,30,493.041,1899.66,535.900024,4,0,70.1,1.725,1.01,0
1123053026734,10061512305321015927,19.921808,0.270061832120483,161.40787,23.95828,2.72,0,10061512305321,55362.1848295834,1.61,30,503.949,1852.2,408.100006,5,0,70.5,1.54,0.77,0
1123053026734,10030412305311018004,20.110047,0.285579139058852,161.40688,23.95855,2.01,0,10030412305311,55259.4210181017,1.27,30,461.499,1997.21,370.299988,3,0,-1.2,1.608,0.81,0
1123053026734,10030412305331017979,20.792526,0.417035054496215,161.40741,23.95803,0.28,0,10030412305331,55259.4316944559,1.33,30,440.964,2005.99,196.600006,2,0,0,2,0.65,0
1123053026734,10031912305311019245,19.79513,0.243902916109358,161.40826,23.95861,3.44,0,10031912305311,55274.3182903589,1.06,30,416.363,1932.03,488.799988,8,0,-73.2,1.37,0.93,0
1123053026734,10031912305321019162,20.088461,0.283724157636479,161.40806,23.95853,2.96,0,10031912305321,55274.325890162,1.08,30,414.892,1901.04,374.5,4,0,-86.9,1.508,1.02,0
1123053026734,10031912305331019533,19.616322,0.222593449265665,161.40795,23.95868,5.22,0,10031912305331,55274.3334550001,1.09,30,399.278,1935.58,577,5,0,32.5,1.594,0.81,0
1123053026734,10031912305341019655,20.095124,0.2853119571166,161.4083,23.95846,3.3,0,10031912305341,55274.3409807757,1.11,30,430.627,1927.98,370.899994,5,0,-53.5,1.841,1.19,0
1123053026734,10113012305311022464,19.486656,0.208009444360174,161.40809,23.95877,5.07,0,10113012305311,55530.4964101156,1.08,30,459.526,2175.31,654.299988,6,0,-42.1,1.825,0.85,0
1123053026734,11040812305311020337,20.347016,0.340404721311742,161.40842,23.95867,3.39,0,11040812305311,55659.1676192363,1.04,30,519.285,2007.38,274.700012,4,0,-16.6,1.558,0.6,0
1123053026734,11040812305321019977,20.112461,0.299538063273006,161.40796,23.95838,4.15,0,11040812305321,55659.1733250925,1.03,30,520.959,1982.95,341.100006,4,0,-82.3,2.135,1.19,0
1123053026734,11040812305331017777,20.96897,0.546909191442649,161.40805,23.95872,-0.05,0,11040812305331,55659.1789740971,1.02,30,504.037,2017.99,127.5,2,0,0,1.999,0.66,0
1123053026734,11042912305321020881,19.863297,0.266503311034835,161.40815,23.95856,4.67,0,11042912305321,55680.2184451851,1.08,30,428.691,1915.12,417.700012,7,0,-31.5,1.848,0.75,0
1123053026734,11042912305331021235,19.95666,0.279907729431983,161.40811,23.95847,4.32,0,11042912305331,55680.2264636573,1.1,30,410.247,1947.37,383.399994,6,0,-83.6,1.489,0.65,0
1123053026734,11020512305311025070,19.683404,0.177371478587791,161.408,23.95877,4.23,0,11020512305311,55597.421006852,1.04,50,470.896,1949.63,889.099976,11,0,-82.3,1.174,0.86,0
1123053026734,11020512305321024066,19.887461,0.195278026188691,161.40816,23.95863,3.6,0,11020512305321,55597.43145022,1.06,50,473.379,1915.12,737.400024,7,0,-23.1,1.231,0.97,0
1123053026734,11020512305331023976,20.512773,0.269571667156071,161.40803,23.95876,3.7,0,11020512305331,55597.4418690393,1.08,50,455.508,1944.77,409.399994,5,0,55.7,1.573,0.65,0
1123053026734,11020512305341023198,20.73879,0.311701720266713,161.40784,23.95871,1.17,0,11020512305341,55597.4523139118,1.1,50,486.995,1933.56,318.700012,3,0,21.6,1.027,0.74,0
1123053026734,11022612305321020157,20.389197,0.367724047383687,161.40842,23.9586,0.9,0,11022612305321,55618.2073271875,1.25,30,448.006,2121.46,241.600006,3,0,-41.1,1.025,0.77,0
1123053026734,11022612305331020738,20.302275,0.345624836746995,161.40828,23.95909,2.91,0,11022612305331,55618.2131341202,1.23,30,431.914,2156.04,267.799988,4,0,-57.4,2.455,0.92,0
1123053026734,11010312305321020036,20.63741,0.41755858026476,161.40802,23.95855,2.86,0,11010312305321,55564.4210289931,1.05,30,408.412,2090.01,196.199997,3,0,0,2.886,0.64,0
1123053026734,11010312305331021296,19.648939,0.229461269692299,161.40804,23.95853,4.72,0,11010312305331,55564.4232786344,1.04,30,390.389,2127.47,545.799988,7,0,-67.6,1.343,1.03,0
1123053026734,11010312305341021426,20.276897,0.317673284820646,161.40797,23.95868,2.85,0,11010312305341,55564.4255442591,1.04,30,423.682,2124.65,308.600006,4,0,-16.1,1.562,0.78,0
1123053026734,11011012305331020162,20.341287,0.330060662730766,161.40797,23.95835,2.87,0,11011012305331,55571.4197015278,1.02,30,473.858,2120.25,289.299988,4,0,74.9,1.522,0.94,0
1123053026734,11011012305341020664,19.727406,0.239728488213399,161.4081,23.95845,2.64,0,11011012305341,55571.4253412732,1.02,30,507.822,2113.02,504.200012,5,0,-64.5,1.531,1.3,0
1123053026734,11012812305321023232,19.789287,0.244714086126528,161.4082,23.95866,4.76,0,11012812305321,55589.4350660881,1.03,30,482.129,2047.49,485.899994,7,0,-38,1.4,0.86,0
1123053026734,11012812305331024031,20.466287,0.351564221514435,161.4075,23.95887,2.33,0,11012812305331,55589.4408892477,1.04,30,466.321,2081.66,260.299988,4,0,19.3,1.844,0.81,0
1123053026734,11012812305341023675,20.226221,0.308415646783943,161.40828,23.95865,2.19,0,11012812305341,55589.4467344559,1.05,30,499.599,2075.55,324.5,4,0,0.6,1.511,0.98,0
1123053026734,11030512305311024477,19.919317,0.200644732761764,161.40805,23.95834,3.47,0,11030512305311,55625.2259749306,1.11,50,447.4,2109.57,700.299988,4,0,-62.4,1.579,1.1,0
1123053026734,11030512305321024332,20.085991,0.217705666006984,161.40816,23.9585,2.97,0,11030512305321,55625.2340638774,1.09,50,448.312,2076.86,601.099976,6,0,-43.9,1.275,1.05,0
1123053026734,11030512305331025013,20.101821,0.21895089039966,161.40829,23.9584,4.69,0,11030512305331,55625.2420396411,1.07,50,433.217,2109.47,594.799988,7,0,-38.6,1.654,1.02,0
1123053026734,11030512305341024577,19.650772,0.176126570338175,161.40825,23.95899,2.42,0,11030512305341,55625.2501268519,1.05,50,468.438,2100.71,901.599976,6,0,87.8,1.157,1.16,0
1123053026734,11031412305321017204,20.850152,0.459543609170414,161.4081,23.95872,0.1,0,11031412305321,55634.1910381019,1.14,30,470.024,2128.03,168.100006,2,0,0,1.995,0.98,0
1123053026734,11103112305311025401,20.289943,0.327049108437238,161.40741,23.95875,2.9,0,11103112305311,55865.4597064932,1.9,30,324.84,2237.5,293.799988,3,0,39.8,1.057,0.75,0
1123053026734,11103112305331024975,19.972758,0.274437055802769,161.40769,23.95805,3.74,0,11103112305331,55865.466643183,1.8,30,310.241,2243.63,396.799988,3,0,0.5,1.628,0.61,0
1123053026734,11111512305321018887,18.970992,0.164586005702941,161.40587,23.95736,3.81,1,11111512305321,55880.4790303242,1.31,30,475.434,2016.84,1033.300049,5,0,-37.1,2.025,0.98,0
1123053026734,11111512305341019587,20.747505,0.409766516645934,161.4086,23.95887,0.16,0,11111512305341,55880.4892365276,1.25,30,492.504,2050.45,202.300003,2,0,90,1.992,1.03,0
1123053026734,11122812305311020341,19.722251,0.232957324440157,161.40797,23.95855,4.17,0,11122812305311,55923.4760637614,1.01,30,455.542,2012.93,531,6,0,-15.5,1.403,1.02,0
1123053026734,11122812305321020204,20.605834,0.373945370627143,161.40826,23.95849,1.45,0,11122812305321,55923.4839048032,1.01,30,460.147,1988.24,235,3,0,40.9,1.565,1.09,0
1123053026734,11122812305331020639,20.019552,0.271318107286229,161.40862,23.95906,3.02,0,11122812305331,55923.4917702661,1.01,30,442.005,2019.48,404.799988,4,0,14.9,1.293,0.84,0
1123053026734,12011812305311020264,20.224809,0.304311378459477,161.40858,23.959,2.88,0,12011812305311,55944.4792104745,1.05,30,474.344,1939.14,332,3,0,-36.3,1.314,0.77,0
1123053026734,12011812305321019870,19.638356,0.224422514149791,161.40771,23.95877,4.83,0,12011812305321,55944.4853621414,1.06,30,476.96,1909.03,568.400024,7,0,25.3,1.581,1.08,0
1123053026734,12011812305331020284,20.427413,0.341147399642125,161.40839,23.95863,0.79,0,12011812305331,55944.4915155671,1.08,30,458.973,1942.4,273.700012,4,0,-40.7,1.053,0.91,0
1123053026734,12011812305341020421,19.90177,0.256775679758227,161.40822,23.95861,3.46,0,12011812305341,55944.4978056946,1.09,30,490.929,1934.88,446,4,0,47.5,1.64,1.09,0
1123053026734,12021812305311020612,19.834138,0.256938412342501,161.40823,23.9585,4.05,0,12021812305311,55975.2516615857,1.16,30,459.193,2126.42,445.5,6,0,6.7,2.051,0.76,0
1123053026734,12021812305321020606,20.066543,0.290376866336358,161.40784,23.9585,2.79,0,12021812305321,55975.2583729168,1.14,30,460.472,2096.51,359.799988,2,2,-40.3,1.876,0.63,0
1123053026734,12021812305331020882,20.288553,0.325605120319966,161.40812,23.95881,1.7,0,12021812305331,55975.2652000808,1.11,30,446.252,2128.57,296,4,0,20.9,1.535,0.81,0
1123053026734,12022312305311024122,20.064827,0.239280928477026,161.40851,23.95849,4.37,0,12022312305311,55980.2568635995,1.1,40,484.382,2062.79,505.899994,7,0,-39.8,1.283,0.89,0
1123053026734,12022312305321023720,20.001313,0.231401768507097,161.4082,23.9585,4.63,0,12022312305321,55980.2656484375,1.08,40,486.969,2029.32,537.5,6,0,3.9,1.641,0.75,0
1123053026734,12022312305331024357,19.915727,0.221509788988587,161.40845,23.95874,3.37,0,12022312305331,55980.2743924189,1.06,40,469.962,2060.02,582.200012,6,0,-26.6,1.545,1.16,0
1123053026734,12022312305341024274,20.115669,0.245250013123171,161.40803,23.95845,3.99,0,12022312305341,55980.2832982292,1.05,40,505.276,2049.37,484,6,0,-19.2,1.448,0.74,0
1123053026734,12022912305311022733,20.050583,0.300775800665032,161.40821,23.95827,3.13,0,12022912305311,55986.2957027895,1.02,30,438.472,2000.46,338.700012,3,0,2.6,1.601,0.79,0
1123053026734,12022912305331023510,20.107934,0.308918993518021,161.4084,23.95865,2.5,0,12022912305331,55986.3070957754,1.01,30,422.453,2003.44,323.600006,2,0,-1.3,1.561,0.75,0
1123053026734,12022912305341023206,20.497807,0.380876377619058,161.40739,23.95836,2.59,0,12022912305341,55986.3127297568,1.01,30,456.443,1996.51,228,4,0,-33.7,2.3,0.66,0
1123053026734,12032412305311021694,20.07535,0.286655246325237,161.40794,23.95839,2.49,0,12032412305311,56010.3317909492,1.13,30,424.507,1937.59,367.899994,5,0,-76.8,1.457,1.08,0
1123053026734,12032412305331021059,20.606701,0.38385469612935,161.4081,23.9583,0.56,0,12032412305331,56010.3474878934,1.18,30,404.946,1938.5,225.100006,3,0,-38.9,1.003,0.71,0
1123053026734,12033012305311020402,19.714231,0.243044787321184,161.40829,23.95866,3.55,0,12033012305311,56016.1746313428,1.06,30,409.407,2073.02,491.899994,4,0,0.1,1.102,0.72,0
1123053026734,12042812305311018115,20.650708,0.401655142200302,161.40818,23.95844,1.09,0,12042812305311,56045.2759008566,1.3,30,457.148,1861.65,209,2,0,-43.3,1.585,0.92,0
1123053026734,12042812305321017777,20.610939,0.394981763033237,161.40842,23.95795,2.53,0,12042812305321,56045.2838144908,1.35,30,455.76,1830.57,214.800003,3,0,47.5,1.713,0.67,0
1123053026734,12042812305331017884,19.050587,0.17633365873583,161.40837,23.95855,5.21,1,12042812305331,56045.2918086341,1.41,30,436.689,1866.29,899.5,7,0,-79.9,1.602,1.3,0
1123053026734,12042812305341017576,19.328803,0.20200458950714,161.40832,23.95838,4.06,0,12042812305341,56045.2998405555,1.47,30,469.687,1860.58,691.400024,6,0,7.3,2.165,0.79,0
1123053026734,12051712305321017020,19.649721,0.195583414443665,161.40895,23.95848,4.27,0,12051712305321,56064.2096124537,1.23,40,426.392,1867.15,735.200012,6,0,64.6,1.651,0.89,0
1123053026734,12052412305321021008,19.793774,0.211564030492386,161.40773,23.95854,4.67,0,12052412305321,56071.1775208566,1.17,40,424.373,1865.67,633.900024,6,0,-4.7,1.418,0.88,0
1123053026734,12052412305331022334,19.022124,0.147511428670401,161.40835,23.95783,5.45,1,12052412305331,56071.1830116318,1.19,40,403.377,1900.47,1299.199951,6,0,37.5,1.491,0.6,0
1123053026734,12061212305311018218,20.218495,0.264100969011588,161.40823,23.95817,3.06,0,12061212305311,56090.1837265858,1.53,40,446.655,1927.42,424.399994,5,0,21.9,1.594,1,0
1123053026734,12061212305341017279,21.244677,0.469547849315155,161.40796,23.95868,0.52,0,12061212305341,56090.2020022919,1.73,40,459.888,1933.96,162.399994,2,0,0,1.98,0.8,0
1123053026734,13010612305321022511,20.238389,0.314204252103548,161.40821,23.95833,2.49,0,13010612305321,56298.3239985071,1.37,30,489.875,1988.16,314.399994,4,0,-32.3,1.17,1.06,0
1123053026734,13010612305331022564,20.600294,0.386474999964224,161.4078,23.95842,3.24,0,13010612305331,56298.3312892709,1.33,30,467.748,2028.27,222.600006,4,0,20.3,2.44,0.82,0
1123053026734,13011712305311024938,20.281897,0.317369879847009,161.40835,23.95875,3.84,0,13011712305311,56309.4750890858,1.05,30,424.579,2013.85,309.100006,5,0,-38.6,1.339,0.8,0
1123053026734,13011712305321023807,20.9048,0.449135716048673,161.40822,23.95864,2.45,0,13011712305321,56309.480182176,1.05,30,424.53,1984.98,174.399994,2,0,0,2.845,0.93,0
1123053026734,13011712305331024446,19.800373,0.245561925030903,161.40815,23.95869,4.06,0,13011712305331,56309.4853007174,1.06,30,407.73,2024.65,482.899994,7,0,-12,1.904,0.94,0
1123053026734,13020212305331020047,20.260671,0.332320161358884,161.40817,23.95832,3.94,0,13020212305331,56325.274133889,1.24,30,470.052,2039.06,286,3,0,-9.6,1.289,0.91,0
1123053026734,13020712305311023985,20.085044,0.288613386315801,161.40828,23.95853,2.64,0,13020712305311,56330.4084599884,1.03,30,376.122,2003.62,363.600006,7,0,19.4,1.368,1.27,0
1123053026734,13020712305321023891,20.076431,0.287197774520598,161.40829,23.95871,4.49,0,13020712305321,56330.4136205441,1.04,30,370.523,1976.46,366.700012,7,0,-51.8,1.272,0.79,0
1123053026734,13020712305331024498,21.143003,0.521589557277535,161.40822,23.95841,2.24,0,13020712305331,56330.4188174768,1.05,30,350.361,2014.99,137.399994,2,0,0,2.862,0.87,0
1123053026734,13020712305341024001,19.316471,0.194740448450564,161.40813,23.9583,4.68,1,13020712305341,56330.4240044211,1.06,30,382.754,2013.93,741.299988,11,0,73.2,1.132,1,0
1123053026734,13021812305311023212,20.333764,0.278945809873891,161.40781,23.95848,2.91,0,13021812305311,56341.4316919328,1.15,40,384.143,1988.22,385.700012,5,0,-43.8,1.374,0.97,0
1123053026734,13021812305321022507,20.211648,0.261762159684753,161.40821,23.95859,3.11,0,13021812305321,56341.437126933,1.17,40,384.27,1963.79,431.100006,5,0,29.7,1.371,1.16,0
1123053026734,13021812305331022943,20.416691,0.291696627786396,161.40806,23.95853,3.39,0,13021812305331,56341.4425412271,1.19,40,367.616,2003.57,357,5,0,-17.8,1.562,0.8,0
1123053026734,13021812305341023193,19.763283,0.209311439261619,161.40756,23.95871,3.47,0,13021812305341,56341.4479999536,1.22,40,402.718,2003.29,646.700012,10,0,-6.1,1.09,0.97,0
1123053026734,12013012305311019381,20.141202,0.265527388235171,161.4082,23.95857,2.81,0,12013012305311,55956.3669592131,1.02,40,498.191,2032.77,420.399994,4,0,-22,1.137,0.92,0
1123053026734,12013012305321019490,19.957083,0.23269181520223,161.40829,23.95839,4.82,0,12013012305321,55956.3750966553,1.02,40,498.766,1999.5,532.099976,7,0,-36.5,1.572,0.72,0
1123053026734,12013012305331020647,20.378787,0.282853198126052,161.40801,23.95806,3.74,0,12013012305331,55956.3833095835,1.01,40,482.4,2030.5,376.5,5,0,0.1,1.609,0.76,0
1123053026734,12013012305341019218,20.057934,0.250359782437138,161.40808,23.95867,4.03,0,12013012305341,55956.3914984375,1.01,40,514.401,2021.11,466.5,5,0,-44.1,1.706,0.63,0
1123053026734,13040212305311022396,19.557067,0.221035706948805,161.4075,23.95795,4.99,0,13040212305311,56384.2629304514,1.03,30,408.166,2003.6,584.5,6,0,-53.2,2.178,0.77,0
1123053026734,13040212305321020997,19.618352,0.22786323438822,161.4081,23.95854,4.9,0,13040212305321,56384.270282662,1.05,30,403.001,1979.51,552.799988,8,0,-61,2.171,0.87,0
1123053026734,13040212305331021570,20.18702,0.3073607664496,161.40806,23.95869,2.61,0,13040212305331,56384.2777018864,1.06,30,386.194,2019.35,326.399994,5,0,-18.7,1.669,0.82,0
1123053026734,13041612305321021135,19.548804,0.221820691380608,161.4076,23.95825,4.47,0,13041612305321,56398.2976325001,1.24,30,429.035,1978.22,580.700012,4,0,-35.2,2.205,0.92,0
1123053026734,13041612305331020675,19.895085,0.264918351654195,161.40836,23.95902,2.52,0,13041612305331,56398.3053436345,1.28,30,409.144,2018.83,422.100006,3,0,-63,1.471,0.94,0
1123053026734,13041612305341020959,20.747612,0.42371202206331,161.40884,23.95775,2.54,0,13041612305341,56398.3126700348,1.32,30,441.781,2016.66,191.600006,2,0,45.1,1.706,0.62,0
1123053026734,13050212305311024360,19.936836,0.2720106954444,161.40843,23.95852,3,0,13050212305311,56414.16535625,1.02,30,424.754,2005.81,403,5,0,58.1,1.388,1.03,0
1123053026734,13050212305321021254,20.154261,0.305988542061222,161.40803,23.9586,3.76,0,13050212305321,56414.1721491437,1.02,30,421.493,1981.49,328.899994,4,0,1.4,1.626,1.07,0
1123053026734,13050212305331020990,20.293457,0.330332203316781,161.40811,23.95822,2.63,0,13050212305331,56414.1789262383,1.03,30,404.229,2020.66,288.899994,4,0,16.2,1.665,0.82,0
1123053026734,13060312305331018624,19.70749,0.250812922218336,161.40786,23.95901,4.42,0,13060312305331,56446.1883193748,1.37,30,401.103,2018.79,465,5,0,18.8,1.755,0.67,0
1123053026734,13060312305341018491,20.610966,0.410140382102385,161.40585,23.95791,0.03,0,13060312305341,56446.1928050118,1.4,30,431.976,2016.99,202,2,2,-46,1.834,0.93,0
1123053026734,13060312305341018510,20.324466,0.349392917235918,161.40813,23.9586,1.06,0,13060312305341,56446.1928050118,1.4,30,428.986,2017.99,263,2,2,10.9,1.921,0.78,1
